15
13
11
20
10
20
17
7
17
17
9
12
17
20
16
17
16
20
7
7
20
16
13
7
5
19
19
13
20
17
6
15
18
15
19
11
8
19
8
7
14
17
14
12
14
20
19
19
16
10
5
17
15
17
7
5
20
17
18
19
11
4
14
6
13
12
17
5
5
14
12
16
6
8
19
2
20
12
17
15
20
11
14
20
10
4
9
16
14
19
15
20
19
20
20
7
19
13
20
18
15
12
18
19
19
20
19
19
7
3
19
8
17
18
20
19
18
15
18
15
16
13
17
10
8
16
8
4
5
16
13
16
19
13
14
18
10
8
8
19
16
18
6
17
10
8
4
17
13
20
15
17
15
13
9
17
11
16
15
6
3
16
15
6
15
18
17
16
17
14
7
9
11
1
18
17
12
6
4
19
15
4
11
13
19
6
18
19
12
10
13
16
13
11
17
8
5
8
18
6
11
16
4
8
19
16
20
10
8
15
18
9
19
20
20
10
15
13
13
11
17
19
20
17
17
20
14
15
9
13
12
12
15
19
12
17
20
8
11
20
4
19
13
16
9
7
12
13
10
17
17
19
20
19
5
7
17
18
7
12
14
3
12
19
17
3
15
20
19
7
3
18
17
6
10
13
20
15
9
20
19
13
12
10
14
9
14
16
10
8
20
3
19
16
12
20
14
7
12
20
14
19
14
13
6
20
2
6
18
18
1
13
17
14
14
20
7
17
18
20
19
18
4
19
14
11
15
15
20
15
20
7
15
20
18
20
19
4
10
19
16
14
16
16
20
20
15
13
5
11
19
15
7
4
20
15
16
19
9
4
5
15
15
11
7
17
19
2
6
11
11
8
11
17
19
9
14
5
9
20
20
17
12
19
17
10
13
7
19
9
16
12
14
12
10
19
10
19
5
5
11
10
11
12
19
11
18
11
16
20
5
15
14
14
19
5
18
13
12
9
8
4
19
4
8
8
8
12
19
16
13
19
1
19
20
20
13
15
12
18
4
11
14
15
11
11
12
19
11
17
15
18
19
10
20
17
13
17
18
12
8
17
19
18
18
18
18
17
17
4
20
18
9
18
12
16
18
6
14
14
5
15
20
5
19
7
11
7
12
13
20
4
19
20
12
16
20
16
13
3
13
18
5
18
18
14
16
15
11
11
18
18
12
8
10
12
16
19
12
18
19
7
8
18
9
11
15
17
15
12
10
8
14
16
17
13
13
7
20
17
20
12
20
19
7
18
18
12
18
18
16
18
12
15
12
10
12
19
20
11
20
13
19
19
8
8
20
16
12
18
11
12
7
6
15
14
16
19
6
14
14
6
20
10
3
17
17
15
9
11
15
7
19
10
11
12
15
10
6
9
8
9
9
14
16
19
17
17
20
6
13
6
9
20
3
4
13
17
15
15
12
13
10
14
11
17
13
8
9
18
3
10
17
14
16
15
13
20
18
7
13
16
19
5
8
9
7
11
14
16
7
9
9
9
18
7
3
5
13
20
13
4
20
7
15
12
8
18
11
9
3
13
13
18
18
11
16
14
4
8
8
18
18
8
11
7
20
7
17
16
13
20
20
12
12
8
13
18
20
7
10
17
18
15
20
16
12
20
18
10
11
20
8
8
6
19
17
10
7
16
19
15
8
12
14
20
8
13
9
10
6
20
12
19
2
10
16
15
3
8
18
20
19
20
19
16
9
14
15
20
19
20
19
20
20
19
14
14
5
3
14
19
16
17
8
12
16
10
17
9
4
11
15
17
13
19
9
18
20
10
8
12
14
20
8
6
13
19
10
5
12
13
15
11
5
11
12
8
13
4
2
10
7
20
10
13
19
8
19
13
17
14
11
20
4
18
2
12
16
8
17
8
20
16
17
14
8
11
18
20
19
11
16
17
12
11
13
14
20
7
14
7
8
20
17
13
8
14
17
17
10
20
11
16
12
19
10
4
18
17
4
18
10
20
8
15
19
16
19
18
17
11
18
19
19
20
20
20
11
17
10
13
15
11
12
14
9
11
11
17
20
18
16
14
9
19
11
18
17
17
19
15
14
5
11
16
20
17
16
11
11
19
17
15
14
20
7
6
15
20
20
10
15
18
18
7
15
11
10
20
14
5
16
20
12
15
13
13
18
9
16
20
5
14
20
19
12
6
15
14
18
18
4
18
15
7
20
19
10
20
15
16
8
8
17
19
17
19
11
4
18
16
13
11
8
13
13
10
11
9
11
18
16
9
16
10
15
2
20
20
7
12
13
6
17
14
9
17
17
15
